3.594797174948674900e+00 -4.874798928078585281e-01
3.108667835747823016e+00 -4.247429365542673141e-01
2.957436151905739052e+00 -7.457529476976558769e-01
1.801152941298856058e+00 3.356385414748952467e-01
3.523963086517978738e+00 -7.477469067355311250e-01
2.578214619619633385e+00 -1.528787388200733233e+00
2.200097122359689017e+00 -1.490768983107021883e+00
4.231356123990472895e+00 -1.530253615738443207e+00
3.807925031594141529e+00 -1.187142500454419602e+00
3.293343626797801793e+00 3.079541853917833194e-02
3.944860198507639470e+00 -8.155557340201261551e-01
2.803475259815270793e+00 -2.507373036643476993e+00
3.060267041706404623e+00 -1.124711709286990269e+00
3.623287619942285431e+00 -1.379290620854349614e+00
2.032023918218135439e+00 -8.830824745454248781e-01
3.678809318056040389e+00 2.846280756465631168e-01
3.946870679938909721e+00 -2.300531782237077216e+00
2.469192989646333825e+00 7.221050746678290277e-01
3.892113568456166739e+00 5.358364219018674213e-02
3.346880001676268090e+00 -1.611194399942581068e+00
4.131302112674121396e+00 -1.959864350126206078e+00
4.299970356626790391e+00 -2.103004795054971954e+00
3.343057023204825118e+00 2.922334228308218762e-01
3.198521110504854104e+00 -9.341257436530141511e-01
2.976907764023934533e+00 -8.786007241200617379e-01
3.487175379813072240e+00 -1.584379488882581288e-02
3.424358789666838820e+00 -2.271343878799766181e+00
1.923017908243351615e+00 -3.622125028768552468e-01
4.022312051613407213e+00 -1.571941703706988491e+00
2.580652156553511656e+00 -5.151292576304736803e-01
2.842564949787377504e+00 -6.488088990625910935e-01
2.050072069877608705e+00 -1.379917061434372316e+00
3.283412903362646240e+00 -2.841433271406959005e-01
3.965603317847393949e+00 -3.778884376158708758e-02
2.694808013277344205e+00 6.410258280295444422e-02
2.206769599419170724e+00 -1.651581853324732618e+00
3.186136918750151814e+00 -6.052200253320531020e-01
1.933657960238639451e+00 -5.870312820720606783e-01
3.039563846142457670e+00 -1.513472422998793698e+00
2.665267912265257166e+00 -9.433375020539039868e-01
1.559118866052955132e+00 -1.642541122187384683e+00
3.082676071525153549e+00 -1.386078094591630006e+00
2.582626187712262933e+00 -5.121682305454420270e-01
1.739817928389749468e+00 -1.745810522167412948e+00
2.444898305767259306e+00 -1.507357657551151142e+00
2.829845832070144951e+00 -3.150206995101759944e+00
2.544325438174959153e+00 -1.437381526391079856e+00
3.932548350296843687e+00 -4.707791688131853780e-01
3.907388159016301543e+00 -1.731073337695116621e+00
3.052727170165841830e+00 -2.360776831067907366e+00
9.414827707500612597e-01 -1.026837904722813999e+00
3.099447736503660789e+00 -8.684228461215086625e-01
4.119414726364092338e+00 -2.836903600557907357e-01
3.569905176038083106e+00 -3.383461496454559514e-01
3.371913155821753882e+00 8.215977179815592280e-02
4.902961694198524789e+00 -8.532041658440834286e-01
2.344779439965304579e+00 -5.563039350877719835e-01
1.978185241596884580e+00 -2.587565584746863712e-01
3.861303220408311976e+00 2.506750829816799531e-01
3.932710144053496837e+00 -4.161354649167791075e-01
3.029422926975092523e+00 -4.311119085018407793e-01
3.099797779944660103e+00 -7.483203838861689494e-01
3.903900466790700019e+00 1.204608100286055361e-01
1.624030216403727023e+00 5.150429665217128861e-01
5.030404604649625355e+00 -1.327726617582668300e+00
4.070955707868578521e+00 -2.480325905559233046e-02
4.687556562074255417e+00 -1.335202393620855688e+00
2.283093417584060703e+00 -5.783493656441163200e-01
1.664242191602111731e+00 -1.698523366806480972e+00
3.340697864075566237e+00 -8.989293450028912336e-02
1.790633841345984356e+00 -2.791544564448140697e+00
2.192988994231141575e+00 -1.275337648822151948e+00
3.076056621366885402e+00 -3.912024857211674478e-01
4.502510535083901644e+00 -1.216234388000764666e+00
4.856967273359015458e+00 -1.384542679233984552e+00
2.381218565344359384e+00 -3.876467368890963439e-01
1.677687948804855056e+00 -5.194473273240206579e-01
1.012725127909503531e+00 -2.222237208727686486e+00
2.516349415001155165e+00 -1.450039703978612149e+00
3.618097842512604245e+00 -2.727636982847224889e+00
1.809683784356433067e+00 -1.905813715348604331e+00
2.847078968350345018e+00 -1.179012492922241639e+00
3.220783112802976245e+00 -1.729641429536520114e+00
2.265465929766321551e+00 -1.497023580792270714e+00
1.877985735620884000e+00 -9.144385439800675197e-01
2.681052066576509851e+00 -7.072441565982816591e-01
2.658564811633932212e+00 -9.645994713813805799e-01
3.136732992344854143e+00 -6.985803990452709167e-01
4.278235314581348980e+00 -1.105062872942579766e+00
1.043135082353252363e+00 -5.163581415827578347e-01
2.092144193065269775e+00 -1.479008095769818176e+00
2.624899744754841002e+00 -3.401582330941324006e-01
2.411867425128374709e+00 -2.385283804771819227e+00
3.619875652169169733e+00 2.068300218330261231e-01
2.742905379426729517e+00 1.188002688799282058e+00
4.061183875728082704e+00 -2.992651624873755800e+00
3.171985136780496539e+00 -6.719953695987688214e-01
3.052279988363382213e+00 -1.379864928642992927e+00
2.806192183487627556e+00 -2.380958345312972346e-01
1.295006714387282765e+00 -2.080932727718052266e+00
-4.594622727157139153e+00 7.796297890147266818e-01
-5.783660824882101537e+00 -4.641459837546610401e-01
-6.207949220947874380e+00 7.180174149588290922e-01
-6.016057631558211050e+00 2.612868430382201540e-02
-4.653931520302233338e+00 -1.078463772813312710e-01
-8.123323675736447314e+00 -3.196339607334364175e-01
-4.931413839596577198e+00 -4.991478110097476995e-01
-8.456050886142605805e+00 5.964349796751362565e-01
-4.667314758268206631e+00 -9.826462140990691596e-01
-6.439976912417046506e+00 -5.286351631191096301e-01
-5.722082773525253074e+00 -6.783357728857919433e-01
-5.701778574763588736e+00 -1.206032888909311485e+00
-6.425784432320381434e+00 4.908726663442689597e-01
-6.396498733982253881e+00 -3.632402467944175206e-01
-6.773986832416809989e+00 -1.355167947549128504e+00
-6.532353774238679023e+00 -7.570141396033622794e-01
-6.010303281371378148e+00 -3.977255482567678690e-01
-8.440447234305569424e+00 1.360989807888731695e+00
-5.415559962379324688e+00 -1.190998208042516326e+00
-6.064702149050743785e+00 -1.411721965528903722e-01
-7.614523882635401364e+00 -6.883009158115792614e-01
-5.621192860949419945e+00 -5.892749425319110390e-01
-6.103607555467140955e+00 1.179801849854458018e+00
-4.706311236366853556e+00 1.390514788790367273e+00
-6.783115961783686920e+00 -1.017077480834723824e+00
-3.503363722702657057e+00 -1.815695753255362366e+00
-4.365613226501846356e+00 -1.133571506089323444e+00
-6.222039080190678639e+00 -1.774292937585407515e+00
-6.541464266755808055e+00 -1.702192431720949584e+00
-5.539559272188181893e+00 -8.878383685895445687e-01
-5.807422730516917930e+00 -4.084988746859962577e-02
-5.491454640152006128e+00 1.425022046430545419e+00
-5.365703868626161110e+00 -4.619956105357083120e-01
-6.221536822964945479e+00 -1.179833019864694466e+00
-7.564311895711503198e+00 9.290328191615216946e-01
-7.037835437283344930e+00 -1.879564739932557682e-01
-7.226281138755983768e+00 5.616719003484871298e-01
-5.570223210730698149e+00 5.575757463782873291e-01
-6.591692632984663902e+00 -2.047445106609230847e-01
-6.986913328294561687e+00 1.447247756976056898e+00
-5.972088559343062819e+00 -6.375804612758839696e-01
-5.391630147257323813e+00 -2.806509051030718904e-01
-6.447211486442064654e+00 1.917748110427171804e-01
-6.472939445940718350e+00 -7.823782624662480867e-01
-6.238321145467985218e+00 -2.003409120438449653e-01
-5.510489667289767191e+00 5.540345689725669764e-01
-7.790939980859401537e+00 2.579381690478302902e-01
-6.316395231755858930e+00 8.014099508193702759e-01
-5.452753168406480277e+00 -4.918345417922805884e-01
-6.732969693994288463e+00 -1.327829389532582782e+00
-7.222515613243878363e+00 -1.110121344785574449e+00
-6.259143976455845859e+00 7.231453742877385071e-01
-6.160803264694574288e+00 -3.619361647850243835e-01
-6.676264228290953895e+00 9.579410168938535808e-01
-5.155097774226597984e+00 8.239769727426321522e-01
-6.278232080924892600e+00 -4.723644281506963472e-01
-7.799737053705172229e+00 8.383102996246151184e-01
-5.786281711458717503e+00 -1.278288239765058842e-01
-6.455056099958160765e+00 1.146451292944554945e+00
-6.118808562180501731e+00 7.006428426642257179e-01
-5.118544985129698688e+00 1.013358432684617672e+00
-5.371267455455921436e+00 4.513436322565778647e-01
-6.176549339825836427e+00 -4.492424796562323741e-01
-6.047635030910827325e+00 2.646636684281701568e-03
-6.286904011988118768e+00 1.150680495910884060e+00
-5.973948902495811453e+00 1.196608781056117182e-03
-4.584729368963182949e+00 -2.702676054281306639e-01
-5.574445096397863786e+00 5.247230390264174815e-01
-5.479771983948006131e+00 -3.540008427216749798e-01
-6.659626575519757452e+00 -7.081159630238762492e-01
-4.536189532350633158e+00 -2.027834196050523619e-01
-5.932704844107089315e+00 6.218299280293461129e-01
-4.249670767694773588e+00 2.970613931489348158e-01
-6.321636481352287618e+00 -2.272262417276653235e+00
-6.605807884741992986e+00 6.152164150156745615e-02
-5.640000295324806068e+00 3.534282165092211131e-02
-6.537332208910472175e+00 6.368472857653846297e-01
-4.719080892303341379e+00 -5.733261021441939942e-01
-6.604719944204415327e+00 -3.234494690022747254e-01
-5.650001727827074660e+00 -3.731812326671196667e-02
-4.707782202469370070e+00 2.329402872783058187e-01
-6.331963445235083476e+00 -7.450693689338411252e-01
-5.032291981312491558e+00 1.528981460211398802e-01
-6.673215005066286842e+00 9.766865538712796724e-01
-6.423472329315803364e+00 -1.645875361372393930e-01
-5.296222430058113773e+00 9.325284274425598152e-01
-7.981910811763546221e+00 1.543587548538398080e+00
-5.628493064415256875e+00 -2.089129107650235628e+00
-4.820571953787199604e+00 1.711028184442761613e-01
-3.948166954349012769e+00 1.803388949864573654e+00
-6.746177316696780224e+00 5.691317143317250471e-01
-6.107044078897742700e+00 -5.354045421391878667e-01
-6.112320873295989720e+00 -2.283864879950399662e-01
-5.103580237969340239e+00 -4.388022471282604919e-01
-7.024689159714404774e+00 3.826081990026067858e-01
-5.966019981032699704e+00 -2.173459054572097315e+00
-5.411012665312942005e+00 -1.285149194649854165e-01
-5.652503768432596942e+00 1.019356289999659770e+00
-3.790082434202226125e+00 1.431785064926701878e+00
-6.510490591000181126e+00 -6.180126121395516092e-01
3.933790633664550729e+00 -6.207371858761335126e+00
3.215252544762132292e+00 -7.333621818393881497e+00
4.303160321112605935e+00 -6.325870656292580385e+00
3.116851598878552121e+00 -6.367897360434488618e+00
2.989644087633231528e+00 -6.159693437868176247e+00
3.013115661323970240e+00 -7.276318151999705997e+00
3.911911858700245492e+00 -7.155773637542097276e+00
3.206683300540261961e+00 -7.774261755487325232e+00
3.344419379330517472e+00 -6.632781851524847561e+00
3.095108754192779532e+00 -5.280139398607177625e+00
2.137277650216291125e+00 -7.752924015449249140e+00
1.741878665308335128e+00 -5.186963043632375481e+00
2.364749404920045706e+00 -5.707455719965773611e+00
2.158137720471775545e+00 -5.327263744209261631e+00
1.891005170806522306e+00 -4.339903842248871157e+00
3.839809230123423234e+00 -6.349103555031194723e+00
3.693159256574684690e+00 -6.856836353198577427e+00
3.277716355111666591e+00 -6.658418357855707903e+00
2.513625010032455975e+00 -6.981940104174311656e+00
4.308114428031322163e+00 -5.491749926760851608e+00
4.119822600173640659e+00 -3.699470963510166133e+00
3.242078018391417960e+00 -4.487410304467939426e+00
2.375403010626431666e+00 -5.665957885827197948e+00
3.403741865214770179e+00 -5.363198230171565939e+00
2.687052804466565803e+00 -6.673111310615814418e+00
4.247397264222996682e+00 -6.111973634461246085e+00
5.850977811123883043e+00 -8.091324664138012324e+00
2.871348233472209355e+00 -6.707514705583418113e+00
2.300712050950244336e+00 -5.932634225649042747e+00
1.789613502302434656e+00 -4.809785291437209231e+00
3.425286214578871391e+00 -6.691425344595891112e+00
3.767897502870258375e+00 -3.310076690694025103e+00
8.026717711351429863e-01 -6.393431565282772233e+00
1.681368075613655311e+00 -7.050479488767004810e+00
2.872096927611205608e+00 -6.530047192906405229e+00
2.609561938613386367e+00 -7.019350084475100005e+00
3.241188199067693176e+00 -5.929600864604632093e+00
2.357878742332082833e+00 -4.585716205371355159e+00
2.936518584596964132e+00 -5.662289257711431212e+00
1.356623880696475659e+00 -4.428684667468031577e+00
3.165727525690388067e+00 -5.703624761698474543e+00
4.361259123502172486e+00 -5.298501293145127633e+00
4.605545161116050501e+00 -3.905031719580906113e+00
2.396555050635283735e+00 -6.614291869648919686e+00
2.504971077553522107e+00 -4.783873167356745171e+00
3.775348503807177014e+00 -4.892781338716496009e+00
3.183771986488490136e+00 -4.788742734370043941e+00
3.323029126306762393e+00 -7.015336178671154777e+00
2.659333620118347064e+00 -6.309006461013902722e+00
6.149617938697386599e+00 -6.283401576946165079e+00
2.985510763339264795e+00 -8.622195335374122749e+00
4.034651561482212934e+00 -5.981030810430572942e+00
3.401890416767195724e+00 -5.750462371980186838e+00
1.976602872472104977e+00 -7.649382777944633283e+00
3.286001428389521806e+00 -6.272433274873929321e+00
3.523852583260627114e+00 -6.665411484555160193e+00
3.202240335328962573e+00 -5.744276010688539991e+00
2.407684668692567698e+00 -6.287463986755088996e+00
1.537217937343434260e+00 -5.935994888423633320e+00
3.796715174787456792e+00 -6.815614098881577654e+00
2.739710827692042994e+00 -6.131784008951156828e+00
3.997712592120902464e+00 -6.175300711296273448e+00
3.283889661178957642e+00 -6.238047048703097452e+00
2.872115687884095436e+00 -5.636633250994967703e+00
2.680129586120692409e+00 -6.362709790507881102e+00
2.692243089019199509e+00 -5.813006806299551243e+00
2.670070124740841155e+00 -6.174886481744643163e+00
4.309541406373664785e+00 -5.967246792725664051e+00
3.682268724425232342e+00 -4.798409572004028512e+00
1.699679976192053132e+00 -6.601500624190196120e+00
2.154927509683690623e+00 -5.376782168280162644e+00
2.363529366368165352e+00 -8.155486130666197653e+00
3.542785075825289010e+00 -4.794280320821183494e+00
1.790935530539189857e+00 -6.724339636171805523e+00
2.969961093007356112e+00 -5.904127827329158862e+00
5.232887493619598374e+00 -5.567607606752748239e+00
4.177078033499393328e+00 -4.526718045236462373e+00
1.144668475873927838e+00 -5.944211462630997644e+00
3.157488849779668261e+00 -5.802580512090456999e+00
4.102573455098529109e+00 -4.680812003952196321e+00
1.987493552336282665e+00 -5.491024868548398885e+00
2.645965889304664920e+00 -6.147686304587725914e+00
2.635565272206150667e+00 -5.837978636971159929e+00
2.579198598167229850e+00 -5.929312667575102225e+00
1.929488432711293999e+00 -5.815950814336759755e+00
1.753804013544529194e+00 -4.874184117445954811e+00
3.178226305467353185e-01 -6.020330785474420132e+00
4.236143762834087667e+00 -6.127599942689939461e+00
3.952814096962687707e+00 -6.524265641455198050e+00
2.762031431265397519e+00 -5.748873293180850830e+00
2.643702092128799919e+00 -4.535050061874635219e+00
3.496974182390457209e+00 -6.421717691135144790e+00
3.484628908413673898e+00 -5.696899663317939400e+00
2.398778027979818095e+00 -6.574248520595114442e+00
3.604051004889522680e+00 -6.544075898312066819e+00
3.473138892775828435e+00 -7.801591206443096560e+00
3.402836510038962814e+00 -4.571368672678209677e+00
4.085240147480488915e+00 -6.056784786947571497e+00
2.604326479657319116e+00 -6.844423820380997725e+00
3.243693462476557432e+00 -5.008507970359374895e+00
