1.000000000000000056e-01 2.483038173080000188e+00
1.199999999999999956e-01 1.632444794341999961e+00
1.300000000000000044e-01 1.309664046723000075e+00
1.400000000000000133e-01 1.035685385187000040e+00
1.499999999999999944e-01 8.008576739889999851e-01
1.600000000000000033e-01 5.977291143139999985e-01
1.700000000000000122e-01 4.207201960629999848e-01
1.900000000000000022e-01 1.284854674429999899e-01
2.099999999999999922e-01 -1.011484760540000000e-01
2.200000000000000011e-01 -1.978922057999999984e-01
2.300000000000000100e-01 -2.847235632089999968e-01
2.399999999999999911e-01 -3.629058042559999975e-01
2.700000000000000178e-01 -5.554353423540000501e-01
2.800000000000000266e-01 -6.081927737819999846e-01
2.899999999999999800e-01 -6.562569669159999952e-01
2.999999999999999889e-01 -7.001333088900000279e-01
3.099999999999999978e-01 -7.402365021290000513e-01
3.300000000000000155e-01 -8.105878986269999809e-01
3.400000000000000244e-01 -8.414534644169999744e-01
3.499999999999999778e-01 -8.697977007310000452e-01
3.599999999999999867e-01 -8.958495071209999772e-01
3.800000000000000044e-01 -9.418634384309999552e-01
3.900000000000000133e-01 -9.621689963820000413e-01
4.000000000000000222e-01 -9.808735079910000376e-01
4.099999999999999756e-01 -9.981082687250000252e-01
4.299999999999999933e-01 -1.028631149586999971e+00
4.400000000000000022e-01 -1.042123566996000061e+00
4.699999999999999734e-01 -1.076562137712000045e+00
4.799999999999999822e-01 -1.086273348306000086e+00
4.899999999999999911e-01 -1.095207078462999917e+00
5.100000000000000089e-01 -1.110961303022999891e+00
5.200000000000000178e-01 -1.117880286814999957e+00
5.300000000000000266e-01 -1.124219612145999969e+00
5.400000000000000355e-01 -1.130019227300000040e+00
5.699999999999999512e-01 -1.144535691279999989e+00
5.899999999999999689e-01 -1.152118692254000099e+00
6.099999999999999867e-01 -1.158274340034999961e+00
6.199999999999999956e-01 -1.160873939001999977e+00
6.300000000000000044e-01 -1.163181955531999989e+00
6.400000000000000133e-01 -1.165217049662000015e+00
6.500000000000000222e-01 -1.166996603761000006e+00
6.700000000000000400e-01 -1.169852829177999931e+00
6.800000000000000488e-01 -1.170958741828000083e+00
6.899999999999999467e-01 -1.171867757240999897e+00
6.999999999999999556e-01 -1.172592218077999959e+00
7.099999999999999645e-01 -1.173143676488999976e+00
7.199999999999999734e-01 -1.173532953844999893e+00
7.299999999999999822e-01 -1.173770192627999975e+00
7.399999999999999911e-01 -1.173864906434999966e+00
7.500000000000000000e-01 -1.173826024295000048e+00
7.600000000000000089e-01 -1.173661931824999893e+00
7.700000000000000178e-01 -1.173380508853000048e+00
7.800000000000000266e-01 -1.172989164280999974e+00
7.900000000000000355e-01 -1.172494867905000016e+00
8.000000000000000444e-01 -1.171904179903999976e+00
8.100000000000000533e-01 -1.171223278120000044e+00
8.199999999999999512e-01 -1.170457983152999981e+00
8.299999999999999600e-01 -1.169613781607999892e+00
8.399999999999999689e-01 -1.168695847668000054e+00
8.499999999999999778e-01 -1.167709063003000036e+00
8.699999999999999956e-01 -1.165547115380000109e+00
8.800000000000000044e-01 -1.164380413129999958e+00
9.000000000000000222e-01 -1.161894984244999929e+00
9.100000000000000311e-01 -1.160583400728999903e+00
9.200000000000000400e-01 -1.159230345829999953e+00
9.300000000000000488e-01 -1.157838927070999890e+00
9.399999999999999467e-01 -1.156412085779999988e+00
9.499999999999999556e-01 -1.154952606771999957e+00
9.599999999999999645e-01 -1.153463127455000015e+00
9.699999999999999734e-01 -1.151946146213999933e+00
9.799999999999999822e-01 -1.150404030430999924e+00
9.899999999999999911e-01 -1.148839023904000056e+00
1.010000000000000009e+00 -1.145648737224999936e+00
1.030000000000000027e+00 -1.142391019209000103e+00
1.040000000000000036e+00 -1.140741355005999935e+00
1.050000000000000044e+00 -1.139080029340999944e+00
1.060000000000000053e+00 -1.137408593908000087e+00
1.070000000000000062e+00 -1.135728521998000007e+00
1.080000000000000071e+00 -1.134041212711000002e+00
1.090000000000000080e+00 -1.132347994927999979e+00
1.100000000000000089e+00 -1.130650131017000071e+00
1.110000000000000098e+00 -1.128948820344999993e+00
1.120000000000000107e+00 -1.127245202561000026e+00
1.159999999999999920e+00 -1.120428530912999987e+00
1.169999999999999929e+00 -1.118728588226999943e+00
1.179999999999999938e+00 -1.117032082806999949e+00
1.189999999999999947e+00 -1.115339813135999947e+00
1.199999999999999956e+00 -1.113652538088000021e+00
1.209999999999999964e+00 -1.111970978822999889e+00
1.219999999999999973e+00 -1.110295820578000026e+00
1.229999999999999982e+00 -1.108627714343999981e+00
1.239999999999999991e+00 -1.106967278439999980e+00
1.260000000000000009e+00 -1.103671736494000077e+00
1.280000000000000027e+00 -1.100413542746000006e+00
1.290000000000000036e+00 -1.098798448162999986e+00
1.300000000000000044e+00 -1.097195269149999985e+00
1.310000000000000053e+00 -1.095603283723999954e+00
1.320000000000000062e+00 -1.094022896050000027e+00
1.330000000000000071e+00 -1.092454488448999950e+00
1.340000000000000080e+00 -1.090898422288000047e+00
1.350000000000000089e+00 -1.089355038833000000e+00
1.370000000000000107e+00 -1.086307589385999917e+00
1.379999999999999893e+00 -1.084804112448999991e+00
1.389999999999999902e+00 -1.083314497724999992e+00
1.399999999999999911e+00 -1.081838997218000031e+00
1.409999999999999920e+00 -1.080377847055999929e+00
1.429999999999999938e+00 -1.077499466366000025e+00
1.439999999999999947e+00 -1.076082633846999981e+00
1.449999999999999956e+00 -1.074680948658000013e+00
1.459999999999999964e+00 -1.073294575717999910e+00
1.469999999999999973e+00 -1.071923667142000047e+00
1.479999999999999982e+00 -1.070568362666999951e+00
1.489999999999999991e+00 -1.069228790064999934e+00
1.500000000000000000e+00 -1.067905065516999930e+00
1.510000000000000009e+00 -1.066597293984999917e+00
1.520000000000000018e+00 -1.065305569556999954e+00
1.530000000000000027e+00 -1.064029975781999982e+00
1.540000000000000036e+00 -1.062770585985999938e+00
1.560000000000000053e+00 -1.060300662309999975e+00
1.570000000000000062e+00 -1.059090226616000052e+00
1.580000000000000071e+00 -1.057896191810999920e+00
1.590000000000000080e+00 -1.056718584378000036e+00
1.610000000000000098e+00 -1.054412714813000029e+00
1.620000000000000107e+00 -1.053284463595000053e+00
1.629999999999999893e+00 -1.052172662016999993e+00
1.639999999999999902e+00 -1.051077295847999915e+00
1.649999999999999911e+00 -1.049998343341000062e+00
1.659999999999999920e+00 -1.048935775447999985e+00
1.669999999999999929e+00 -1.047889556007000067e+00
1.679999999999999938e+00 -1.046859641918000072e+00
1.699999999999999956e+00 -1.044848524020000058e+00
1.709999999999999964e+00 -1.043867201042999904e+00
1.729999999999999982e+00 -1.041952682392000007e+00
1.760000000000000009e+00 -1.039200010966000010e+00
1.770000000000000018e+00 -1.038313853153000066e+00
1.780000000000000027e+00 -1.037443228414999918e+00
1.790000000000000036e+00 -1.036588029203999950e+00
1.800000000000000044e+00 -1.035748143134000099e+00
1.810000000000000053e+00 -1.034923453171000096e+00
1.820000000000000062e+00 -1.034113837789000012e+00
1.830000000000000071e+00 -1.033319171155000049e+00
1.850000000000000089e+00 -1.031774160254000039e+00
1.870000000000000107e+00 -1.030287334075000061e+00
1.879999999999999893e+00 -1.029550254881999916e+00
1.889999999999999902e+00 -1.028841529017000100e+00
1.899999999999999911e+00 -1.028146733068999952e+00
1.919999999999999929e+00 -1.026798311430000110e+00
1.929999999999999938e+00 -1.026144369394000000e+00
1.939999999999999947e+00 -1.025503724925000082e+00
1.949999999999999956e+00 -1.024876214028000110e+00
1.959999999999999964e+00 -1.024261670672000024e+00
1.969999999999999973e+00 -1.023659926984999968e+00
1.979999999999999982e+00 -1.023070813382999988e+00
1.989999999999999991e+00 -1.022494158758999960e+00
2.000000000000000000e+00 -1.021929790638000046e+00
2.020000000000000018e+00 -1.020837218105000055e+00
2.029999999999999805e+00 -1.020308663316999986e+00
2.040000000000000036e+00 -1.019791694580999941e+00
2.049999999999999822e+00 -1.019286134911999930e+00
2.069999999999999840e+00 -1.018308532722000059e+00
2.080000000000000071e+00 -1.017836134533999903e+00
2.089999999999999858e+00 -1.017374434358000013e+00
2.109999999999999876e+00 -1.016482416859999960e+00
2.129999999999999893e+00 -1.015631060890000104e+00
2.140000000000000124e+00 -1.015220189404999918e+00
2.149999999999999911e+00 -1.014818954689999941e+00
2.160000000000000142e+00 -1.014427182069000066e+00
2.169999999999999929e+00 -1.014044697786999905e+00
2.180000000000000160e+00 -1.013671329119000042e+00
2.189999999999999947e+00 -1.013306904428000088e+00
2.200000000000000178e+00 -1.012951253360999893e+00
2.209999999999999964e+00 -1.012604206800999940e+00
2.220000000000000195e+00 -1.012265597037000031e+00
2.229999999999999982e+00 -1.011935257815999911e+00
2.240000000000000213e+00 -1.011613024429999896e+00
2.250000000000000000e+00 -1.011298733767999947e+00
2.259999999999999787e+00 -1.010992224390999894e+00
2.270000000000000018e+00 -1.010693336589000069e+00
2.279999999999999805e+00 -1.010401912430000104e+00
2.290000000000000036e+00 -1.010117795840999921e+00
2.299999999999999822e+00 -1.009840832604999905e+00
2.310000000000000053e+00 -1.009570870436999890e+00
2.319999999999999840e+00 -1.009307759014999917e+00
2.330000000000000071e+00 -1.009051350013999926e+00
2.350000000000000089e+00 -1.008558056115999912e+00
2.359999999999999876e+00 -1.008320884795000039e+00
2.379999999999999893e+00 -1.007864793016999938e+00
2.390000000000000124e+00 -1.007630374054000022e+00
2.399999999999999911e+00 -1.007417255693999980e+00
2.410000000000000142e+00 -1.007209733432999910e+00
2.419999999999999929e+00 -1.007007676556000098e+00
2.430000000000000160e+00 -1.006810956387000022e+00
2.439999999999999947e+00 -1.006619446445000010e+00
2.450000000000000178e+00 -1.006433022509999997e+00
2.459999999999999964e+00 -1.006251562474000050e+00
2.470000000000000195e+00 -1.006074946415999927e+00
2.490000000000000213e+00 -1.005735777456999935e+00
2.500000000000000000e+00 -1.005572995614999909e+00
2.520000000000000018e+00 -1.005260481127000061e+00
2.540000000000000036e+00 -1.004964649104000074e+00
2.549999999999999822e+00 -1.004822728374000107e+00
2.560000000000000053e+00 -1.004684669701999988e+00
2.569999999999999840e+00 -1.004550374684000102e+00
2.580000000000000071e+00 -1.004419746896999976e+00
2.589999999999999858e+00 -1.004292692016000021e+00
2.600000000000000089e+00 -1.004169117788000110e+00
2.609999999999999876e+00 -1.004048933915000053e+00
2.649999999999999911e+00 -1.003600366306999891e+00
2.660000000000000142e+00 -1.003495849477000101e+00
2.669999999999999929e+00 -1.003394222584000017e+00
2.680000000000000160e+00 -1.003295408859000037e+00
2.689999999999999947e+00 -1.003199333348999911e+00
2.700000000000000178e+00 -1.003105922899000024e+00
2.709999999999999964e+00 -1.003015106134999890e+00
2.720000000000000195e+00 -1.002926813371999959e+00
2.729999999999999982e+00 -1.002840976721000033e+00
2.740000000000000213e+00 -1.002757529923000046e+00
2.750000000000000000e+00 -1.002676408354999937e+00
2.779999999999999805e+00 -1.002446373092999998e+00
2.790000000000000036e+00 -1.002373938304000012e+00
2.799999999999999822e+00 -1.002303529396000092e+00
2.810000000000000053e+00 -1.002235091021000057e+00
2.819999999999999840e+00 -1.002168569248000018e+00
2.830000000000000071e+00 -1.002103911555999982e+00
2.839999999999999858e+00 -1.002041066846999895e+00
2.850000000000000089e+00 -1.001979985289999986e+00
2.859999999999999876e+00 -1.001920618418000064e+00
2.879999999999999893e+00 -1.001806841195000075e+00
2.890000000000000124e+00 -1.001752340169000055e+00
2.899999999999999911e+00 -1.001699372423999979e+00
2.910000000000000142e+00 -1.001647895617999939e+00
2.919999999999999929e+00 -1.001597868518000034e+00
2.930000000000000160e+00 -1.001549250974000049e+00
2.950000000000000178e+00 -1.001456089686000084e+00
2.959999999999999964e+00 -1.001411471009999943e+00
2.970000000000000195e+00 -1.001368112048000025e+00
2.979999999999999982e+00 -1.001325977840000103e+00
2.990000000000000213e+00 -1.001285034384999939e+00
3.000000000000000000e+00 -1.001245248602000038e+00
3.009999999999999787e+00 -1.001206588320999957e+00
3.020000000000000018e+00 -1.001169022198999947e+00
3.029999999999999805e+00 -1.001132519910999941e+00
3.040000000000000036e+00 -1.001097051779000102e+00
3.049999999999999822e+00 -1.001062589071999964e+00
3.060000000000000053e+00 -1.001029103750000093e+00
3.080000000000000071e+00 -1.000964957180999981e+00
3.109999999999999876e+00 -1.000875411263000059e+00
3.120000000000000107e+00 -1.000847244268999958e+00
3.129999999999999893e+00 -1.000819879191999995e+00
3.140000000000000124e+00 -1.000793293657000094e+00
3.149999999999999911e+00 -1.000767465909000009e+00
3.160000000000000142e+00 -1.000742374797999990e+00
3.169999999999999929e+00 -1.000717999751000065e+00
3.180000000000000160e+00 -1.000694320718999997e+00
3.189999999999999947e+00 -1.000671318365000007e+00
3.200000000000000178e+00 -1.000648973726000035e+00
3.220000000000000195e+00 -1.000606184570999924e+00
3.229999999999999982e+00 -1.000585704786000063e+00
3.240000000000000213e+00 -1.000565812198999982e+00
3.250000000000000000e+00 -1.000546490367999919e+00
3.259999999999999787e+00 -1.000527723297000016e+00
3.290000000000000036e+00 -1.000474597753000072e+00
3.299999999999999822e+00 -1.000457898801000001e+00
3.310000000000000053e+00 -1.000441681160000096e+00
3.319999999999999840e+00 -1.000425931339999908e+00
3.330000000000000071e+00 -1.000410636188000080e+00
3.359999999999999876e+00 -1.000367353182000096e+00
3.370000000000000107e+00 -1.000353752757999981e+00
3.379999999999999893e+00 -1.000340546639000072e+00
3.390000000000000124e+00 -1.000327723787000078e+00
3.410000000000000142e+00 -1.000303184972000103e+00
3.419999999999999929e+00 -1.000291448325000054e+00
3.430000000000000160e+00 -1.000280053540000047e+00
3.439999999999999947e+00 -1.000268990938999902e+00
3.450000000000000178e+00 -1.000279270917999952e+00
3.459999999999999964e+00 -1.000268912060999993e+00
3.470000000000000195e+00 -1.000258849503999903e+00
3.479999999999999982e+00 -1.000249074659000037e+00
3.500000000000000000e+00 -1.000230354973000058e+00
3.509999999999999787e+00 -1.000221394153999910e+00
3.520000000000000018e+00 -1.000212689075999917e+00
3.529999999999999805e+00 -1.000204232276999949e+00
3.560000000000000053e+00 -1.000180280713999892e+00
3.569999999999999840e+00 -1.000172747061000011e+00
3.580000000000000071e+00 -1.000165427678000096e+00
3.589999999999999858e+00 -1.000158316303999984e+00
3.609999999999999876e+00 -1.000144693558999931e+00
3.620000000000000107e+00 -1.000138170595999965e+00
3.640000000000000124e+00 -1.000125673742999988e+00
3.649999999999999911e+00 -1.000119689242999987e+00
3.660000000000000142e+00 -1.000113873866999903e+00
3.669999999999999929e+00 -1.000108222603999897e+00
3.680000000000000160e+00 -1.000102730835999987e+00
3.689999999999999947e+00 -1.000097393834000092e+00
3.700000000000000178e+00 -1.000092207066999972e+00
3.729999999999999982e+00 -1.000077505041000014e+00
3.750000000000000000e+00 -1.000068377874999914e+00
3.759999999999999787e+00 -1.000064004810000018e+00
3.770000000000000018e+00 -1.000059753953999930e+00
3.790000000000000036e+00 -1.000051604472000033e+00
3.799999999999999822e+00 -1.000047699036000104e+00
3.810000000000000053e+00 -1.000043902090999914e+00
3.850000000000000089e+00 -1.000011842354000091e+00
3.870000000000000107e+00 -1.000005727445999915e+00
3.879999999999999893e+00 -1.000002808796000009e+00
3.890000000000000124e+00 -9.999999790129999733e-01
3.899999999999999911e+00 -9.999972354420000320e-01
3.919999999999999929e+00 -9.999919966900000512e-01
3.930000000000000160e+00 -9.999894965610000019e-01
3.959999999999999964e+00 -9.999824449140000127e-01
3.979999999999999982e+00 -9.999780955010000305e-01
4.000000000000000000e+00 -9.999740078590000358e-01
